# Created by Octave 3.8.0, Sat Dec 24 16:48:06 2016 EST <azim@Azims-MacBook-Pro.local>
# name: v
# type: scalar
2016


